4294967278,19
4294967278,18
4294967278,17
4294967278,16
4294967278,15
4294967278,14
4294967278,13
4294967294,36
4294967279,152
4294967294,39
4294967294,40
4294967279,151
4294967294,82
4294967294,83
4294967278,291
4294967279,285
4294967278,290
4294967278,33
4294967278,32
4294967278,31
4294967278,30
4294967278,29
4294967278,28
4294967278,27
4294967278,26
4294967278,25
4294967278,24
4294967278,23
4294967278,22
4294967278,21
4294967278,20
4294967278,312
4294967279,393
4294967279,347
4294967278,288
4294967279,281
4294967279,306
4294967279,305
4294967278,396
4294967279,275
4294967279,302
4294967279,301
4294967278,62
4294967278,57
4294967278,56
4294967278,55
4294967278,54
4294967278,53
4294967278,52
4294967278,51
4294967278,50
4294967278,49
4294967278,48
4294967278,47
4294967278,46
4294967278,45
4294967278,44
4294967278,43
4294967278,42
4294967278,41
4294967278,40
4294967278,39
4294967278,38
4294967278,37
4294967278,36
4294967278,35
4294967278,34
4294967279,86
4294967279,85
4294967279,83
4294967279,80
4294967279,79
4294967279,78
4294967279,77
4294967279,74
4294967279,72
4294967279,70
4294967279,69
4294967279,68
4294967279,66
4294967279,65
4294967279,63
4294967279,62
4294967279,55
4294967279,53
4294967279,52
4294967279,50
4294967279,49
4294967279,48
4294967279,46
4294967279,45
4294967279,43
4294967279,41
4294967279,38
4294967279,35
4294967279,34
4294967279,29
4294967279,26
4294967279,22
4294967279,21
4294967279,20
4294967279,18
4294967279,14
4294967279,263
4294967279,298
4294967279,297
4294967278,303
4294967279,373
4294967279,294
4294967279,255
4294967278,334
4294967278,61
4294967278,60
4294967278,59
4294967279,64
4294967279,60
4294967278,255
4294967279,383
4294967279,377
4294967278,249
4294967279,392
4294967278,247
4294967279,245
4294967278,58
4294967279,59
4294967278,239
4294967279,371
4294967279,239
4294967279,376
4294967279,235
4294967294,5
4294967279,233
4294967279,227
4294967278,225
4294967279,225
4294967278,223
4294967279,223
4294967279,221
4294967278,215
4294967279,326
4294967278,378
4294967279,370
4294967279,375
4294967279,369
4294967278,381
4294967279,324
4294967279,368
4294967278,358
4294967278,345
4294967279,36
4294967279,28
4294967279,24
4294967279,17
4294967279,15
4294967279,13
4294967279,10
4294967279,344
4294967278,325
4294967278,184
4294967279,185
4294967294,958
4294967294,957
4294967278,132
4294967278,131
4294967278,130
4294967278,129
4294967278,128
4294967278,127
4294967278,126
4294967278,125
4294967278,124
4294967278,123
4294967278,122
4294967278,251
4294967278,121
4294967278,120
4294967278,119
4294967278,118
4294967278,117
4294967278,116
4294967278,115
4294967278,114
4294967278,113
4294967278,112
4294967278,111
4294967278,110
4294967278,109
4294967278,108
4294967278,107
4294967278,106
4294967278,105
4294967278,104
4294967278,103
4294967278,102
4294967278,101
4294967278,100
4294967278,98
4294967278,97
4294967278,96
4294967278,95
4294967278,92
4294967278,91
4294967278,90
4294967278,89
4294967278,87
4294967278,86
4294967278,85
4294967278,83
4294967278,82
4294967278,81
4294967278,80
4294967278,79
4294967278,78
4294967278,77
4294967278,74
4294967278,73
4294967278,72
4294967278,71
4294967278,69
4294967278,68
4294967278,67
4294967278,320
4294967278,65
4294967278,64
4294967278,63
4294967279,84
4294967279,82
4294967279,81
4294967279,76
4294967279,73
4294967279,71
4294967279,316
4294967279,315
4294967279,58
4294967279,57
4294967279,56
4294967279,54
4294967279,51
4294967279,47
4294967279,44
4294967279,42
4294967279,40
4294967279,39
4294967279,33
4294967279,32
4294967279,31
4294967279,30
4294967279,0
4294967279,260
4294967279,25
4294967279,16
4294967279,12
4294967279,11
4294967279,9
4294967279,8
4294967279,7
4294967279,5
4294967279,4
4294967278,180
4294967278,179
4294967279,180
4294967279,179
4294967278,177
4294967279,178
4294967278,176
4294967279,176
4294967278,173
4294967279,61
4294967279,338
4294967294,42
4294967279,169
4294967278,164
4294967278,161
4294967278,160
4294967278,159
4294967278,158
4294967279,336
4294967278,315
4294967278,156
4294967294,43
4294967278,155
4294967278,154
4294967294,51
4294967278,153
4294967279,153
4294967278,152
4294967278,151
4294967278,150
4294967279,37
4294967279,148
4294967278,147
4294967278,337
128,5
4294967294,964
4294967294,962
4294967278,143
4294967278,142
128,4
128,3
128,2
128,1
4294967279,308
4294967278,141
4294967278,140
4294967279,27
4294967294,478
4294967278,138
4294967278,137
4294967278,136
4294967278,395
4294967279,137
117,7
4294967278,133
4294967279,23
117,6
4294967278,274
4294967278,308
4294967279,19
4294967279,269
4294967278,287
4294967278,270
4294967278,286
4294967278,268
4294967278,267
4294967278,282
127,4
127,3
127,2
127,1
4294967278,266
4294967279,6
4294967279,258
4294967278,263
126,4
4294967279,257
126,3
126,2
126,1
4294967278,262
4294967278,283
4294967278,259
4294967278,258
125,4
4294967279,332
125,3
125,2
125,1
4294967294,922
4294967279,331
4294967294,409
4294967294,385
4294967294,178
